1867738674
1315425719
15913368
1168003748
490975409
1191527289
714137948
230388953
234117530
623285406
132588576
1475654893
43147448
1477169497
1876776759
747181377
1540519230
1443850378
228091946
283026527
150561184
746083322
265378021
2032347775
1941648890
131394418
732794210
253571925
1175787827
321488695
191641013
1832518638
2077767239
802402006
1920695329
152212799
587489216
1948928053
65719080
733983002
906246246
1326631998
1528767232
1496515516
607803748
1925367504
1368046732
1801499942
437586141
1526264459
234598998
125383494
638925951
1010223457
819928617
137703120
1536450021
1772131419
762058890
331293522
1772611230
236307779
927578350
1225534877
1049019362
27675264
1281694296
27569815
1656896600
1040705551
2031374489
616016617
372619732
557521072
785505243
1404640992
513421073
478680265
705472193
613932664
1854843660
1484773768
832740636
720941753
765306297
1223371796
1201338994
263223064
173723828
1346100923
177991716
62050541
1353873792
1967582179
53002300
1751426242
662499865
2080005007
1905346783
2034721464
