1798936279
299775040
322461418
1507810945
1471518015
1381599253
1945453807
1803608674
1519306513
1404001161
497199691
576336160
1330593150
1531855839
1867125837
1752892495
1683493919
1385247408
982969129
170454732
89495626
914433282
1487192642
684566661
1441974448
911591141
963969089
811845855
1729675594
171578919
1803837359
1067848014
800733319
1792360331
1446966648
1063634308
847936928
574467404
2134665763
1465671959
1911183823
1353604982
1744659803
755592883
1178779870
1216631515
1734069518
1005815589
1898818786
1840341882
419043033
1257377118
1498135746
2069205594
788238840
103565537
1164226289
1427731406
2046952711
446188837
82888135
1531481689
2021237728
2046166250
113040692
1499366496
1279584374
1073332760
641062520
412316641
2023540065
2086838563
792805537
1694114371
1642041471
478655500
289246838
1616113105
639788479
474346024
874327704
1742608354
636627892
1041451490
1683469380
972820435
1400046434
602096059
485518949
1826600890
1402424365
1913276730
21870932
365050487
42755530
1332654612
1819109321
45675708
1019962377
1293199885
128475908
1073520521
1649278000
1843914171
328962140
1243779602
597950916
1685060899
1951676504
1161778450
1089090626
1343027801
67637790
769487267
625974235
226580992
658226413
1123057594
995208875
1872919289
339192497
1386697941
1739757143
2108448496
1066213125
1240441307
325801673
1812901908
944384120
212269863
649249774
576541211
481918013
1435211654
1065945674
1040359644
512682834
955999274
7151264
2079693463
964194069
298117421
380146296
354947047
2032931210
1010022700
1740773012
2002289603
1412609131
1289947132
1294031059
1213115444
621522690
571391822
1982966617
921214126
1636204459
1160242578
1045493686
901180848
2091833692
994076407
19398789
1765416026
1713082030
456422881
287773883
482478537
118520287
1253122840
863445751
1385734278
575858631
1894697835
1298995129
892377701
166230059
2099860513
609387193
621040208
1052251436
662051807
991945142
706449933
2014423315
1332960250
513516246
2078252876
374568477
1097823582
2088931297
1605647523
838410859
1531099246
2035969168
529375278
185547825
356039331
1063595575
196951397
889829352
285801356
1689955600
465053978
1469216813
1360002885
1900033174
775724528
228921159
1334707536
1962864637
222168845
1665199429
999915499
1520253918
147167820
1695873043
1135270717
102737024
124310180
1927090376
259585378
1312160989
980171080
388285423
1857784775
1523969692
321155675
1037024814
298769846
608035036
1517657626
1608444763
606983305
1021083885
815032018
1592425960
1961900806
1202930404
1240247170
1357908408
1057896587
1050824196
296749244
1007515574
405695623
265756536
1951598439
1997223642
20864837
635480998
1092956855
1898229194
521003726
1218794063
1572791755
534815362
1422726439
1680334575
1973243975
721527204
2015046666
1072202272
968303527
646301323
414049135
1076795665
860048386
120795545
838678400
1732693539
1502056653
1395896486
1720880374
526688022
117992820
977919559
1201677622
1659576566
985737526
1601746524
1846313723
2003526958
733998146
1160771454
1344378030
1286100123
1061860206
1095375672
1749097220
173332757
1215821567
1006175364
1503106270
1856940229
214586952
937858951
65420477
10329675
1812155965
1292222001
873048696
1721157368
887158886
500435881
1279890315
1920315853
216810608
1803623344
1765865203
672465281
2065027253
1429822004
676411298
1813741915
29996240
1635632282
133598327
1266670774
930305907
1970428789
651336336
1285650393
2093182684
44264834
929723176
766403460
336037514
2047989835
697262729
76424624
273434662
1359654
1376868308
1889356131
1715289175
1044686897
226380007
1575238812
860313068
274338625
161880266
2007333560
287048550
1176708688
766013993
232716586
699939715
2118855386
2028637948
1867612264
1338336496
677769594
1020302670
570053395
962860498
1507109741
423800622
1761280502
926806866
1144105171
407033759
1280971818
769783951
1317374929
564031133
678434473
1457505788
2101301234
1201264923
1165795414
2030211517
397299036
878239529
916658072
224532526
589396703
1795807357
1399074161
1440972924
1258846449
423378099
1102387382
1483306605
1943935859
2061260402
397383010
142106900
388852836
656876831
2062953037
928212044
1138611700
420063483
1228211092
931008280
890309918
1920223177
806688723
953103950
737564677
973915855
483417551
868143056
876444474
811939745
1160201177
349667079
1339338561
339606873
1908664432
1959873385
1487804009
222393595
1147605385
1253071988
8776187
1472486913
485998763
1300900200
698651293
1939183302
1641929842
749990544
1509548765
614287697
1379432350
2033537085
455545590
575529575
659220937
658153286
2041495752
1072875745
1549946003
965834311
2095860951
2108225363
1610984088
335745640
1437430811
1856095374
1047494496
169056166
206116981
316977056
1673935632
1800391324
1132396238
1183492352
962421550
572161646
2036496703
805721435
1875763710
900736010
1057892367
979898656
104622549
1749557797
1471799455
1816794039
1934920427
862750068
430808332
1428261887
225328643
1084833240
656101650
1919387852
1799766977
1376414444
703714824
1142602939
928824299
691363250
1855612480
1521429626
579939353
1759915785
1612328364
1454155902
1634342054
2071056448
1830770960
621830504
1449854426
206395273
699263406
1489548258
1620699127
407648941
882917457
81699029
873529970
1219994898
280389130
920986392
2103646415
1962016344
997293923
409099026
1632175935
24832767
752487451
525391774
1954272801
1848069189
1442872962
980530410
2132577439
726948843
794736518
1935857333
1576943681
1596758940
1771851668
355251127
701152829
1032825914
594817897
568018094
1115294943
1524835985
1996040244
1606331121
1590224210
1464310555
504903265
1201285558
1512607859
488873027
216531367
1405387151
169213504
703013100
86145906
450264064
2003235267
126514803
325483491
760184328
1037784693
185154317
184801316
694364450
757173352
1971918589
2068084819
1278726238
1683026537
2119892722
135791277
1616359425
484721425
1307516904
236445777
1099427089
1121786035
1098953232
1747606024
880605349
2024289166
1792077188
983149541
1055155569
79691257
1488644318
1460565076
1979147122
1151471071
1799147180
1696904500
1291099340
1331838092
980759563
1688984616
1325595066
1280920284
2051135660
2029535976
1928383331
515443593
111435553
291599087
348172755
1994038857
181274517
1548995773
27704230
1768525858
292937279
1364329229
1598452784
175516718
1414432095
1863732022
547618612
1858584489
2079861008
1632639237
1369098540
151884175
1506756589
930825899
2119999745
1934526838
690150686
803402155
1550330396
983876521
388606547
812464902
1396580288
328638706
102791658
1042543818
714873253
1851241853
1078745635
1420939471
1711534457
216167234
1727854761
1781093393
1062100618
841012862
165807080
1433303401
1206192208
226812176
248768607
2050800787
696292759
954008010
899715568
1087192849
1659344467
1379816927
2054671783
1331613121
1494639260
1285823861
713692066
1326384767
1668523109
1026430437
480218308
785557130
129222154
730775161
679153734
661223533
2103529553
2145400357
1493366969
1377265494
2122410292
1646400974
734378423
1109636052
905135416
1984265011
1268485614
1367550729
2055112109
142237615
438296194
575223348
1954914689
1898862570
428735923
957022176
19196002
504658564
1383563145
592848299
1824722860
2050628860
2101682964
1174550092
993713020
354404421
1502950616
1388347098
1539851431
957570820
650321122
1402817871
2084481131
1973635206
854495680
1285746271
1557120583
1289916139
773131708
1748552006
1747339294
692641533
1864878391
487289572
1520690593
1043913604
114546438
1036635754
202289367
410777968
1932866718
705801257
1849544018
460520201
431954419
1363193273
1833793115
2023065708
556771405
1070753856
247095932
1855439473
761184624
669890389
1738490349
144794561
463214676
620839157
1968154573
1083293670
550352424
561122539
1185818996
1411621612
1872584475
1154424540
2045976782
1223619310
1066339498
1216908671
2097263116
2052092401
929612787
1058579184
1785813740
940077708
848847377
843998218
948561491
1701867556
953319299
61968026
2114527834
162431835
540135508
644107087
42746682
1183946276
1587630
913493646
727115919
1455299203
1522449138
535008361
371493338
953569937
2126957245
757628753
1035908608
866048427
31753223
1100474505
1545837571
634894391
1971271241
1925525218
1871262283
407180066
1592469920
553252879
2064429490
2120637498
1915823274
2019446647
2008238941
471401488
777635033
126523989
479872593
1417576066
1017361444
528991894
184463878
1465494925
1083257032
2082061205
2104128217
1469727970
1361083996
742912928
667657238
713143491
696419330
933803160
619217844
488550746
1242405541
1126427806
1803787137
223766860
605750123
1769830481
744899570
1844894627
1775100603
1273010497
107848018
125440458
1596319899
835340522
1467552815
1310475910
576335738
1323500596
438901346
8594777
571012690
2053346034
524586148
1299018501
1285190905
813018809
2116160649
1835349776
268579724
8795274
1793282122
1907122456
1813686517
1246405701
1785123869
82834046
622407866
416159325
35536996
269837906
1827707325
670924587
1940386959
396956571
1564881215
726355696
1563133124
1410961317
1512424645
1704562623
1152153781
388552268
2047681396
1955779397
1399624397
2098854788
886036294
960384960
702931868
868363329
283605491
1291274544
2129008073
866156597
1849766413
2050829319
1175830083
1031685287
751652731
1528638263
1476417180
2117486822
502019270
2122105474
818292142
550755206
888228672
1300460007
1890262130
1910028839
1269141717
1657255615
632219715
2115148296
2000602081
967714288
1480379685
2143315300
809552322
1836972109
1765326691
211628685
610389363
284642222
1535743285
631437702
1856757687
1441570852
570804110
695225621
198488820
959493949
760095520
1692672284
1027205379
619766620
1121894390
772592070
1268790728
53150786
2099546797
1779213322
1676002026
23053283
909470921
1836653548
706239258
621092237
1926702839
188701960
1827978748
937763654
611247445
1821524514
1983118813
1331688651
616588323
1391347886
434487819
992374133
1474050729
999250511
1081218837
38372545
682269715
1491908672
489987932
1774870526
1701073652
495076653
1401658493
1926167908
1935534878
452409790
1559230150
238186709
294500155
1861782397
2140009589
1085042367
2023415492
2140623799
670651602
1647295358
733904782
1739086353
1571899201
566045813
179422881
493320579
1952093833
1733376012
87478482
1372032426
69582296
1238544904
665211157
404049417
515259705
1315797231
1964948258
881848640
1445444533
1251251267
1620173045
155723355
1607345439
1457997660
1778259350
674980151
1382774403
221363387
1012768705
648238813
765188860
1397091784
335417390
215500355
1257037643
87546715
371340810
537515488
1706587534
825094606
1063134363
1035295901
1305700113
