1792230286
1408783980
1425143685
1504798804
238588109
598379014
290169397
2089176689
1434983573
1527555601
459986122
45623254
138367999
1973653139
1155895611
1000463315
2137462842
1231538478
1019809960
879011013
998087778
866518129
1483583796
160234055
109269047
386354744
1621117527
997246800
1764586412
654661414
1335661517
816554128
1404724966
1924772091
2098358676
1137816498
2087488998
987248347
1224311307
1959314842
690306396
1272936478
1011294332
1638255566
1273459575
1213051023
1686282590
1009800671
156615256
1565140017
781073616
2084213648
1773015719
592103461
43648829
1313945376
905592331
1073700828
384730455
91496068
176123624
877283002
2020177959
1414497843
821275011
1291710608
868001133
638628260
301898114
1645227784
343926916
1501183135
1747064989
377364692
849168853
1952078056
1468211973
1651526181
974386592
1952643369
232009329
1697973198
2072837450
1699300516
758750959
569472027
1929226757
1806002493
950033153
666287026
1306310524
1435653587
2051062664
802692204
355602174
158748817
916677745
555176637
37291844
1846280831
1450711114
1719848607
365649229
1515877736
1758604591
1049927276
254600333
1280371907
1424498009
1390340507
683338142
121608438
1616069169
2048839774
2097285620
282833482
1201021163
1363888388
631689038
1785994545
1831383696
182666221
1317044784
1457735059
1659691637
772252176
1998643211
257240903
563275310
860219194
844081954
208428796
516946115
1742002690
1194651279
1679430350
1808319929
1244474359
1537313580
1253582003
2138147351
1998663006
589935468
113412477
1305506050
799760951
482156884
1154949257
127477166
1467532903
975814926
188849143
6716135
1208931301
1165591640
752865546
437583498
1481843558
976825047
2133567261
183018021
787296443
1444568334
1557360203
1022242185
955227295
2064885740
1198896660
17104819
1865367882
124230221
583219463
1054149733
354474781
538007489
1385713753
230894956
148575363
1730128127
1334850109
64121754
1805012331
1488249595
1268906556
1999871982
1581842277
175599679
661273975
803824600
60428923
2016627477
1871088985
1789527874
1086502083
787058540
1741099907
1053962927
1509793633
434816879
80434612
1097309921
2045765458
1966864136
869755481
59184038
421198105
970450223
218598996
1796289402
910869888
1726771800
759637042
429483479
636293986
1871944289
1132236673
649167044
1333581748
221614897
944929981
796621102
1397805916
1600415679
953638278
1128080785
1668117779
656500068
25664590
1848034730
863720549
1709296970
1265428871
1532478656
1597392921
1689752100
1339796772
1598308209
2040611987
1251822919
490509974
1958895832
90456267
2027541040
611748684
1655913799
1702638320
1022647965
1332720814
784282688
184511930
125621242
339789293
679630078
77202553
463185483
130192406
2005414996
253998107
1896177760
402290840
1023627124
609576951
1662819267
1798722058
994329987
2133834202
374528114
419442641
1531137833
537017230
1922299916
1350702744
211385971
826062459
149970558
1556850375
1043497577
1712315237
453834812
1887254787
757738919
739984923
848801084
65951767
349786117
1192526580
329352609
1363941144
1518359130
513720609
1218014523
1355964857
604889635
192510547
1414391047
1173838286
1915291460
1671183337
639725846
1569156840
1719824720
2111664067
1423223747
1448655543
1531605162
1948964792
683191453
1951173709
1301237473
2072231310
101840124
82497409
1407000748
1519134519
660781650
1119252913
1474444718
1178572693
2029574970
436271842
911677636
270206907
1587056191
1906506397
49517492
1164316655
799029121
1067191956
511784748
894253401
1626348901
874120091
400740310
733673178
2141485219
116152013
104247368
1886341671
443383836
183876562
184409501
551580686
1877169150
899645973
2064993331
859694950
623047634
431321866
1469293237
496977406
1135359459
1594223818
2113729154
1771402604
1397767067
947480536
714126047
30368846
1455570383
1785204104
1431343691
481600943
401183458
1739210673
1513861794
88922102
2012633649
1318814846
1142396035
1746356065
1347380906
215829527
346980506
1283262737
618553938
67700839
1829151810
1326063865
570090489
1586299356
2071282434
1333950368
2122043943
1931624272
1298847805
563786880
868241596
385122607
239943791
1908489918
1174300234
1089316908
851182081
1428662700
519341793
1203973543
1592415167
1780502855
1874346687
707150566
905060264
721185347
564423361
828159528
1035670889
1165672488
2111677882
1655412452
1866433879
860572624
341729023
1068417483
1781864214
1132387283
1032985667
1132302921
1762597180
1581377542
954733122
201771070
289694877
556369990
766622892
1876547491
1188841395
669474077
1183985506
660926240
1401893396
1579215335
1121742072
360067091
38681191
1574715743
659026973
1693167632
762584627
577420693
230986458
1686449477
1667186833
42476175
932502421
232533941
1925192494
574137309
881726392
1538306044
754055275
1106005978
24023814
41316262
765197453
1541514335
988710937
36257673
1644838010
235446239
1480061099
1083807692
599585590
1241739406
668115096
1965911956
2046335397
808410674
1976646996
2081526329
1704401873
597912178
1033991333
854662207
1937081913
683623271
618804247
2127160555
2027176276
923611077
1119570623
371745747
900840706
670034392
2011265123
1940318481
1393530472
609988722
2141003523
610221929
1765546278
1754743747
585231578
512028186
690748573
114670729
978110944
123318023
284293206
2112282314
1076682841
1111299065
938107496
2095232645
138221009
1650675856
1715359846
84970747
26719574
251797995
1426117375
689737458
300730100
1341769309
390999216
223863492
82360500
1253454832
784354
297735796
408625862
122159528
140820564
244240154
1103018861
1359155923
550044722
1832025966
239879876
834270513
663780728
2132632978
1660392816
1819549394
999531678
1511825312
221507480
1287056109
2096731379
1705123230
1984341042
398854984
1259253801
827292222
1491244476
64263995
2048173171
1631107234
1390527883
1685082927
174417453
118954416
2107078002
1654640584
1778550285
1269757402
1267655175
295264338
1820504196
2014503363
530843339
1236928935
1422907585
429888103
994358613
467467737
1235075033
329147729
68006631
526147013
1762672792
704704779
600907448
1983370342
1264169260
1837033049
642061624
24388393
1873828221
583227092
1182370336
1432051461
1639673098
1475599782
1264380518
1092678961
1522632030
1461390558
820637567
1315607535
924211233
468974280
785739470
1046326887
2019888173
839031835
1230424643
1626937938
36646715
1741015963
1790599766
1921921751
1437334530
237900607
1928434782
1380180550
1723632603
1686244238
365218607
720864723
1618146734
459252730
604405792
650495834
44235161
431009065
507014124
171270772
919778024
1121958262
1846088774
370292762
102841928
1887431708
1583766519
304080268
1813468063
1869816617
1879675368
71978959
717070652
128221200
1087610459
88181149
296854813
634330110
1077335062
1335759177
310442101
1362612944
670138200
1608482532
1241766888
1130005070
1797321069
1070227981
2146133042
922701882
871115787
1447010510
1800822942
1944149023
1348940456
657382613
1973696523
1885050499
217492502
379313920
1397589144
104612322
1577672608
962933147
580637837
614434491
1699115461
1943498868
1159203606
763360458
731910428
432233380
1756723506
1646786386
769546966
1629335328
1674874799
405101917
1024758029
289344463
1109412833
1448460977
409018047
271161882
457451840
401618620
463043819
2044212852
1642018858
98598809
1440291026
535604998
1809236809
1622090990
178370265
2129356290
276188775
1192580258
1231518755
688325499
192255304
1419489240
959822157
1981320082
1165187792
407843151
1999521280
2130044704
1108944638
21958553
1837696634
1057516484
1104884016
494561303
1330105631
1928058594
1500039775
1857966292
279758617
1061372636
1490721270
2008158988
1275115064
1119567235
314803631
1652403656
689723388
64255610
1907246476
1750607010
1926053170
7133312
1777974199
177414588
1099678480
1051947278
1992519242
410908976
1987234527
1785017145
436607425
109370176
2086029847
85617607
161077359
1397777493
1122710318
1600992084
2051342525
1211348737
993249199
1148899462
1527787657
65184020
331164170
1746075813
932152836
799509787
555810830
2106239007
438553501
604814803
1082292770
908095300
191427871
397724691
1589772173
309375637
618421672
2139673471
1878358082
1554673274
960183069
1604717125
233597202
468067298
574478525
174092763
1104340527
2097559915
597942253
1539461858
852468350
1572149313
474710903
564398116
403866813
1741201571
615146128
774696638
133043105
524989208
1630796980
471056199
1416813751
1090035121
37286090
1749573353
1733249147
102742074
209185530
350472571
1992340723
1705507437
1999257150
1985779088
945773989
2096961676
1280757615
1464641424
1770851254
721162205
175475767
726168638
566732965
990968310
1468703685
1325795177
349218567
243648318
1893449444
1792124062
1770960859
415809793
603403613
986742557
1313433365
890158042
1515126892
2024071365
278979428
850444995
1925360180
1244952264
979528327
322953987
1196483540
261986272
861797154
1595051910
999085869
461564390
801769766
2032055884
1330804147
783115124
2036100252
585020419
1258046167
2005424054
406235913
756475978
988572006
1996211650
192184469
228965395
2078181988
1330637508
129897098
1337140734
2055434130
1259477268
288134797
105909194
1899363842
263679839
1408290312
1718000197
1511677064
2024870638
827458857
2144395274
1780806164
529610109
1984868795
678865067
104564558
774903060
1454894012
1154854942
689808608
1496548150
1156283386
1075346799
131277641
917606818
1137721019
482773445
780071749
278220508
980178437
511934522
1264021372
1498963080
941822603
110526584
46942633
838334382
245750307
714356568
1757251646
1933300778
1558596736
329815846
559630815
1884217492
1249529382
597739261
275258961
597581889
1925275051
1961672808
1665935312
482999198
279335126
386210340
1341603146
1893264969
839136384
840096039
1936632095
1713466733
479675261
248500789
1844550955
293972593
1584982451
1412896569
1825950304
1205443698
531506488
1645055943
1750762523
244792867
1802531664
597868619
301895220
1596588326
1051825817
2098607862
1030918306
745904946
1562379883
1636141712
105653749
1901067021
971721881
116518532
1969364907
2098024385
1961838602
157467776
861058128
2059143810
1331043265
507004056
2057896
227319720
189126027
365338229
583868030
1217197067
501883747
1991854060
2116096984
765332121
1657395764
840220311
1877787952
562432952
1735093817
1041339706
1952199339
1359131707
143046410
1146811877
801484914
1539515614
1755945442
1454766620
1161261245
986360779
1339341460
388330366
465658129
885764435
686218041
1279430697
637967068
2074146052
70654213
2074384747
1934917431
812396296
243519246
1871619987
2124143900
718379572
652403170
2036060255
2060274487
1006978781
2121233907
1202251102
