1799003507
1429676036
370610769
1152618283
1752986441
1114960694
202080336
1192561245
911967264
843017409
1643973804
743121526
2026080177
1828828007
178874138
2008015213
1006172286
1451374324
2129000842
744625180
1528189191
371315017
104012537
87020701
120558100
1142907579
1753941485
2133999673
1008115564
1899792965
1033499159
1172628377
907703720
52593752
1327410947
1735661193
1987293550
629533059
2057677491
308939949
1885748044
1203713082
1509814434
784419286
332830869
1840998495
717319489
15457365
2093895915
1294120016
560732096
1066094436
1393118931
135670076
1726817865
1533851497
1048411491
548605602
1267056243
966432449
1411348082
1570333059
13700983
491671052
2145780955
1447626614
1418264635
1852722392
192360844
1045816373
2029613963
1091627193
1025436430
953811835
1897569637
173247462
1929752149
2046331249
738695238
647901759
1542773223
672005083
772930408
512786553
551720860
2085589921
1281715913
390886734
480862165
869443494
1258069470
249593928
889585305
479070721
825415244
9646288
1063888891
831746115
1185896482
566445167
448914618
797932815
1968929837
1228253836
1649406688
1859289740
1048112683
1968990487
100114739
1148722772
705642474
1328361784
536509476
1978413026
1698421481
1017195243
2030618981
803095543
692069806
845797290
1120793537
1597908522
1765523519
1372233234
1297078705
895294238
1939827184
1726236381
350784497
792430064
1825990601
1882715377
1773286341
845480121
85101448
75927634
510458320
75814475
756078654
753198479
1738221135
2062565804
862437954
1627559275
1889523086
226334566
811511925
412281378
1430874824
1191287862
985055653
878925248
1704119070
139809451
430333139
2031627724
577169968
312018677
2090322012
1357074411
2073294537
791627137
1216098394
1363839459
1956822982
1759288316
1803875116
1702429913
1814918810
482717682
1990346655
403461266
1367624083
1140489140
1909426505
1883132414
192492612
1112957502
894170744
237132702
1907157329
252313381
1498275289
119537501
1169569362
1034446143
2056202936
1295897828
375647322
2050102321
1842076579
1656808101
1700786505
2111447965
2086164727
205062120
1915281052
1496256081
542446997
838597064
365679387
2022743242
1579536284
73480974
191632993
1697726498
74034197
899717366
1117411835
596217830
474371908
1309360092
1150135435
825949398
397237978
1999521370
2131557334
761913284
31577127
288312680
948105128
474225556
997105675
1540182184
74085550
1762807237
816838247
1884945705
603703391
1730144109
1603459583
572925278
1985957845
1802659241
594571611
723656586
1296347941
1498245572
1767567529
1366170952
340036540
540143113
771924322
783368327
1996715779
75145984
258168652
1123567224
970625697
1020306867
640592374
1100507407
2098821485
326312773
1813025020
866043857
2102428880
826258422
1296037052
568101443
368657939
543659178
1884370308
1670424247
766602098
1527062733
766288234
546917779
817102493
2031160933
1321748219
1051472165
449745992
1885933751
29923337
410351561
1208695210
1492577497
993511472
1261954479
1120430781
1943519371
1503797527
589994746
1109697823
1943320613
310755468
186921172
1963045890
1121004369
846394652
423238436
902554988
1564684555
1716058370
1087645380
675098396
1222634471
1694019601
49242081
830451272
898306651
1029844947
2033313056
985257481
2123564797
1722813686
807608101
1372704467
627157148
780446960
141940844
1892916938
1432230308
350587333
1773662010
716898063
1522485171
1140614992
1877137422
366393477
1139551990
1191131984
512697754
1206759714
1174950930
1288146345
1092975008
55843018
103249787
152383333
1306170507
1229871515
920450230
1682306269
751766681
1296312266
898655847
456331178
894005209
1749953251
1675743892
2127046086
103295793
925606175
291444357
2042592939
185944831
586068232
1688770082
2014889422
576886011
1982004319
1927740816
454112223
107250523
820760228
1229687315
2119568124
1122723632
1824760482
535458167
1488931839
1997963229
1713685311
2005832060
821141814
1200552276
2073239167
2008507194
684962365
1650120635
973695087
1067937069
149997057
2002219068
227127386
1251535783
2107066163
1455662511
1186115753
2104249217
1355891323
1516487344
1266868012
2097801326
360369636
828587712
1789708436
1973723970
198868581
899686135
592512418
474538187
1956527598
1089736722
1464545038
150891752
2006972404
659550599
1903815226
2063646729
1849675253
518703199
1208542420
1072119614
1726554168
1396863312
790455780
856454118
1988959032
704001622
1667849631
444703926
895792722
1727913184
615525107
701745750
260630926
1704817049
1133324269
1748523840
1273953332
921690334
1049897727
1905453937
1688175095
604877501
2136058056
1243620293
67928200
1355440843
387720925
960201477
1914100381
980071407
860564959
212903368
559150074
246854446
2091751565
1761251565
440462707
480585340
511813013
1369303256
1445062340
1270184457
2002717619
16339455
1886797016
1653916310
343095402
410829219
646758628
1657523329
836721619
1057329977
117744514
1099607911
2013377742
939884015
1888416420
953951927
2104612234
1014667101
342325680
359013447
1657439306
1572030705
628749894
1779925218
755936216
506726660
1782314265
106459852
416854613
983824177
1656344586
352940841
526881673
1225201530
1888907274
613800517
1781332678
788796319
883180502
207729050
1641216975
1653736757
1620315425
401220368
212073396
1642196199
931685349
1532390366
113502891
677610501
493910266
1125545007
1998969873
1452481843
1415719852
2032227451
2066847069
1950698458
1903628504
1072893722
1852085442
224560429
1058362424
290212067
658847732
828147792
838423937
1750901192
427919103
113630318
671792443
1494057222
93445783
732728924
1303793770
2086242049
1504612974
1410310593
1313124612
2143397312
40444359
1143509261
1128992624
1961010323
1268968152
887632307
2014771687
745597513
690320746
1514116928
81991946
1501618695
477587321
1663715208
1824416916
1203595346
1678509129
1357744111
444040555
483934560
967578731
1349556833
279412617
1688601577
1330309534
1060089021
1391840435
122824274
575788351
713501875
277328277
1016837549
313823217
206971087
1787034716
2133668517
1884827613
766414794
526528052
1724344324
763237203
807847290
1097786696
1468988295
1814268153
284543718
2027670204
635124385
1541813105
1715171033
1206557950
2078870676
20514842
1195565974
2020323686
1716247885
2125340338
1499560215
240452313
1865284584
871724382
938248440
169111159
1130384332
1729126562
1681416330
826947437
2138893922
1661379921
1229953953
158502049
1064215263
2022113025
1724897400
1468850947
1653343964
1461094415
138329460
1325928166
436881043
413100608
167287905
551725412
14611738
766344808
1497756997
2146022092
1205448879
618583555
565473758
1302312731
816739693
228548627
1516013153
1887074463
2022000745
1985291087
1333875770
868275357
952543734
2059432600
1889769501
72864177
562544049
1454817449
2015544248
845128358
615471648
1950743984
521300339
1909001460
1181852040
1310985177
545651619
1011587843
128844002
817625438
82879313
1383210335
1105621570
5729499
1806409225
1343526936
2014148794
1014053097
760178687
942976406
175140782
1538526684
167384461
27058457
1652437282
1254875570
256807803
1874098198
825763237
1563397345
1556756370
1611039189
1261828147
1144652504
1016124902
1221266970
185266764
2074698045
758065976
1941864628
1609819337
87128406
1930756035
1738774075
618410149
1946006410
353789060
1897996524
905486330
1439625668
90351327
263814460
1523381812
1178074750
103097910
1894753888
93594253
1080580567
48386890
1489641664
1043090122
1306669993
1034798129
1529580697
136036242
1438518886
816019076
1002040590
729436356
1800178216
1845657376
1709721164
1952406488
545717656
2121471702
903904373
621478133
1970005970
2134951991
1981338661
1477445045
65461054
692307314
542626952
1715617102
113705045
1927729132
257739235
348806646
1910426659
1512851516
289048932
437390610
387458589
846087619
1705385746
2101480160
2060990558
157082196
823066009
1328242936
686514787
1971873425
1309013471
1766927229
1342067087
1100786768
351590871
1460256000
1079474084
779079932
788621365
90212271
74183915
1268544145
203797599
2137313075
861888156
977038877
1432440777
1740456169
972076596
1783246243
737828569
1114181405
2136955642
1296962666
1092510412
837312634
253100847
1848314469
1270326628
97218322
1860766134
92062877
1112547899
452424064
1799133268
1463085516
1390509262
1372119780
1537740974
1994342020
981567764
240033294
1265283192
1231535350
967237664
2059694705
2000000942
1601789350
418606658
365673434
1922691171
1484074588
1966524258
1599876876
487910845
1225007669
778169094
512552628
915110679
2134785786
1335414873
966175714
1391370231
810040234
1447374505
1476035966
5390418
402442152
1419244261
1137427398
1990336239
228399554
1158026889
313630662
1265666496
1231274737
882082267
1077046228
776293433
1200572906
272483930
1202276106
980878919
1547517261
948156810
1342844930
1289092187
1957355973
2127333465
638307352
1350848299
510245209
789025192
434881719
1170200492
904429818
862697660
1697470723
70191066
732724059
1222027715
86206097
1461894201
695430880
1500793186
1635643087
315197962
1837473832
1607850564
1357698947
1832452854
972135551
626619281
330450879
495212211
1532498152
1925062193
531652049
1944016023
1261093103
1675669878
883092788
881003499
126061628
1298905854
1539416423
88842305
671485470
629729305
1061016719
1951275192
859378607
1748721774
305662776
493392608
1015201589
735530908
1152098624
1609012216
1554231288
2121658955
1903581897
289569873
602911409
1304204517
399732290
971750214
592711263
1669042455
1165144071
1820507951
2077613648
368481716
1876846511
1919503241
1591626253
1406127139
1868773585
1529305720
1956948744
1725486603
634167533
492387070
1294993599
210656048
1443148480
1316194142
45896847
441678256
1582964560
1857940884
2000210008
820594318
588721592
1186635015
94067416
443096520
1797407491
375238888
1628003024
757677941
1862611324
1039400149
1566319545
1278047889
1019433129
988063337
2036946355
1920571658
221157949
1854939533
948627632
666015696
1041034508
1117703847
1209096220
1789901626
925701006
1885268974
1741918180
1921775356
1124357412
1366413531
122094499
1195361808
736389371
547900736
157791616
2008869714
335385064
1819680920
1062605513
736848539
1822686371
35612942
1546262328
1331334349
1104285550
1173561476
1557913084
1724578564
405141589
1691525333
1077752745
1913306417
520820341
284126015
1449786824
1217692106
232069632
564002072
190006246
126793433
713450607
1563150648
1705487185
1658881786
45988301
1978745634
846113196
2135258385
688451678
165462110
2077843552
2084994597
2013523680
1245180334
517733523
2091067064
994261493
982655544
1342482578
1641493064
1998997286
1913212134
1083689607
762414642
2015450092
1410132113
460894899
287052764
1247533386
