1798583332
810245752
606548237
151346950
1067550602
97097129
1971359030
1253511294
949741188
54198565
382215627
774454812
363640817
2120235604
1603641757
1487240049
1481336110
1038081099
871882665
1451027174
589418086
7707791
695824517
1674199304
1936959334
770921665
1111581304
1386731075
149156634
762131589
1553145615
1054622020
1849751449
1799329371
464021343
1293589544
235023780
822243627
391370544
22322247
1507850751
2140537457
1366985255
1141125179
1861915743
86188517
1166427141
1910228971
337792947
1486781208
212046364
1187869375
1512603113
409107005
1766278988
1184498835
698512155
1748174583
1846441874
2009877168
87795266
253770173
212774669
543589628
715443458
697259053
14642092
1276504486
849262672
1381410342
917910277
1942989138
1182106084
1285735391
1374260423
1008305876
803399455
1504951496
657398906
100049327
49343288
383953674
2068523330
58846027
1182698169
499489751
410668934
100332280
509967065
409226278
1623416652
983935029
1371950503
840186082
1302501149
1835997372
415307461
750644277
1759421061
1887436684
1667398151
1446614154
1581718591
244292724
1986562851
1233576848
918956198
194430562
1471828447
156578936
954709777
1956895302
827286909
1401948885
364335311
907694380
2043100019
118503803
976076252
285987931
530754331
1888455126
1604483669
604869504
2001652477
1441850684
978973240
1731025013
1376427582
924525190
1450682285
1235319604
144685232
773205820
846668743
734918579
1598103356
745131263
1443991584
453857541
121777443
161568910
1069340562
116183791
638340214
1903159933
1787555513
149285461
779843331
734166476
1842410117
820130326
1380342636
152844711
470615965
460251854
216813684
1855321676
928854092
1192094201
1652293344
983193251
1789789539
1189338444
433442032
595701200
381306086
520184754
339233541
2076524449
1389666946
100216650
714057302
1022455278
241714052
1596495487
1638964391
301779468
1798628109
1562812791
322091880
1739436720
1018066429
1640256554
544326539
215804753
2078087535
1890649584
1979517276
930198408
163693096
263312665
1679647835
1168623030
161829748
1158277534
231253883
1886094158
578400139
1660149851
2031003933
830532866
122173362
373328602
1734080927
1197566652
1285980480
1198503952
2006796051
1990553022
1724387788
1493736651
1148059927
302624794
973636662
85988094
2092885074
1484784505
1013197395
1410780702
624311987
206466267
1892459564
187596431
427222021
1282675026
1478313396
1774934429
627607726
1910860465
213894370
35051512
700242906
772135582
39047853
1294753036
462481001
1174865314
1996681880
1652889138
259284774
554876855
1441306711
426353617
1719794527
1604210316
305592927
1466924112
1481282824
142503297
608646274
1053316457
1381990578
2080002141
1857177921
2061992749
1968520804
796087146
1013542012
760307680
963478110
1149896390
1103287377
1577137041
551593166
2086920510
22605119
1967113161
760151362
483725131
1742672822
1720141568
994477462
317479233
1524089883
193722165
303218303
211324190
1935192839
1146211258
1444299616
1335984071
1942751912
1490015996
892037105
884284028
1574821356
286581017
1908816145
214746482
1471596014
545044799
1550182338
642949362
2059699077
2073481146
1780480953
1506239773
834633975
330035621
2105905593
1277315344
1592451196
238558611
102606128
71824755
272847671
873220152
307851066
764760639
642432378
1960683577
72315424
2077070613
1979110706
539427359
1627148726
1431876984
854721806
791278659
1801679589
1309429623
171259305
727052155
383617655
716019291
1785349696
1730824788
158729654
594605204
1288254137
757151505
1604736060
551837747
1902626083
1405073151
1334266445
991899141
2080794773
146558416
43554603
1877772641
305100975
1788621436
884384146
1110020935
931413056
1250929209
502311533
591718774
20665361
1577855160
1883600964
1624961521
1178744548
622974661
1352348302
2098475513
954012310
971985668
255019347
1880289264
1799794443
1838035506
310487247
2121381766
1539833668
659028079
1711756174
1795081206
2079556186
804463177
55574327
2029811091
109790195
555354592
880697882
1432007650
903341621
1900723504
1640682603
1262481141
1382104427
1845978637
666703850
1869420551
1665445047
833049931
1624295524
722751204
1111978196
1614843978
784407460
134071287
625774906
1171425783
23059185
1008665835
410779427
1957388131
520329324
621537884
826757380
1092089570
206672081
1056608168
871202533
757466885
462876779
1384255219
1487117782
1573878288
1616306317
1739618916
1932750954
907639356
1118311651
687039813
58567172
790949478
564101816
1866403654
352581049
922308470
701491244
278115878
1369145674
944065313
1296531555
289278776
5411424
755489994
1597008094
1664415652
711877342
891089557
2138713968
784376690
1764403544
1876166232
1223472323
743412636
476315006
1754753473
748696460
1234715447
728036768
1899622817
321305370
1405465032
1478159471
1335400601
726306210
731421922
811847626
1759440791
71555147
36513309
1646344968
1940569228
1312868007
2125604371
1642195552
920811220
1307014258
378409043
1221706934
1137290771
1841529897
1058658315
968284810
331724704
429552516
1796598845
1816711095
540880619
282285782
585761851
834391909
556599653
331601639
508682708
297874649
594844586
1016580117
282130887
129925233
1810005679
1659587198
1164429550
548971739
978269861
646752395
1552765298
1105085142
1727402338
619670973
1661838908
354213874
447910834
1107204303
836919266
84215812
223428911
1368292221
1632466271
609542625
1085902185
1441991089
1191276428
792884415
872333270
434410821
1845752394
1159205043
787512117
774433958
13147639
1929036679
758845194
5796025
777028060
662547013
724937796
1354807941
487955246
1971255276
1657201463
1869570698
2041482029
842233284
1350086811
596818275
1976116435
1754322190
2090057667
1209195290
1307487469
1889215379
1497153958
600680207
311614502
1739803728
743918944
395898974
969717612
790507801
1730771065
1403290840
1443736526
462065029
626074851
1917634104
241811752
1091055740
10960447
1676122734
2051792639
186480147
993189656
148160261
1195959754
48649558
1609335446
544306957
2034173726
418152642
1324961110
1363440027
1686020299
896443128
1921868591
543874410
1206807238
1973686798
1721602424
1924764137
1964675798
597580714
1905526826
765736871
2017578073
667886781
276105398
1938746666
745839531
462949978
467027165
272832370
616056245
1038647528
1801920280
1059755966
89152344
1587343649
295362062
1315467817
723454454
46599064
1506421140
1735385497
1648638172
1827743210
1274043782
294399837
175737771
834702572
1482945400
168130718
1831981621
1642057108
741466559
2128337219
328531654
451052341
219421277
583980640
962349690
1511894273
1380535007
1238540461
590537656
1644451605
183588345
1782797323
1782764717
1234755675
1404148764
830479665
1375507802
498168259
1822673007
1958487841
1823286118
1525626183
244512501
1385387596
1191625198
212210864
1805137228
1439909827
571244346
1651821132
1636660755
239274862
1403218450
227077796
418076653
47813987
450795531
198182901
112880610
956351969
1639928835
1478804247
1434732598
1604386070
1112006758
2094885512
746407619
1420870406
550759002
952028044
1982165358
339355995
1987125180
2094705763
2020333470
1880687573
2051722865
1161272176
1170078096
994803893
1508837756
1549261316
195718137
1637265002
1804919603
2077253746
762059743
345629893
58346516
1377351380
1418412647
45392782
559792389
304824416
1435461617
972106521
138712071
1314020302
17389966
215382570
1424908795
1851969868
429591858
310336192
1730084028
593678216
740752350
862044791
1462119675
190005104
107599839
249263299
1775154643
33777130
756541102
2083111074
421923677
280236945
510696744
1935522996
252709016
1705261793
18202089
979831949
1130961647
694641532
1119123232
1442379798
1281857650
625576846
2137598657
1366697536
600399240
2031853074
69660124
399116453
1358795990
943101732
134011217
1763662063
151513300
1715911405
765088272
1853992915
71204435
584547666
1902421084
107138605
1087238049
271537220
323306665
681491745
1301468764
1664571853
1189663902
1608447344
650362172
2092745221
1281758781
1111369210
2117034511
1489962881
2146816947
1679674982
1624882659
2000794561
2055242001
177848812
1955230307
761003355
1918269600
185174789
528874220
354200607
224932365
867039835
1661961950
274697121
1892155244
1515341132
1329835751
1687152728
601824508
216528586
1358646884
584560837
2123786081
1146966580
1254094588
15745211
489272696
491317309
495389648
219714517
1217498026
1265134366
877700415
445703662
518486498
1861416007
277060153
805444775
1520906384
375745647
1555166949
667444206
1427681961
1215930596
691142120
286564217
1626458545
569423152
1107784632
2000574181
498798988
1685917075
1309041007
82241134
1394754117
1848437414
1189179596
2058650990
1638152113
1682208651
1258584602
317482864
1585116100
1511651665
1597989645
981474133
813860724
1233840525
1055608243
1245332234
923233176
1210639457
1957282121
886102901
2079848809
1427610644
17305777
947901694
1350077612
442210682
1941513754
7647313
1826854418
1368502167
866061399
249773627
1762302751
927876633
1943809964
2092826784
505104475
288054734
907774000
1233789712
201594152
1611201345
1839700392
374938838
880029968
943795287
1053171867
1099350095
1975231524
1914008542
1584016981
218627808
133049039
624721946
654196239
2107399880
621993189
2036617574
689716685
2099081936
408745436
2131839746
1213444474
1856562606
310328132
1594619608
175837096
356574200
1463204270
1238924093
595789739
1869381059
1001703003
1498062588
839639088
699107579
1018047516
1322385763
1029255938
723773381
1111837859
1403683666
1603512167
1456704566
1520064962
1266351622
2008769184
793261001
759163231
1056076590
526905675
1628603144
106476546
697430671
751542171
1817939990
1867566061
561802675
1879446513
520580268
544186398
7938613
280282577
1277633768
501752423
1932175239
1969015586
521953632
3995029
572459346
597489662
375215862
1241005042
1210561230
642520932
1301527008
495995114
1805846991
483994686
1978116413
1008214084
1408134958
1254449166
1680170363
1360816538
542713616
1024695303
1382592228
1454515456
1234915191
1937650529
1650417795
1673095913
572135973
1605010592
870929777
468224087
1062147601
1630656143
251492387
584731013
688966819
233502309
1020684294
541557022
913172768
1776570314
204639510
1254925723
1099729274
1905642036
554587694
876345078
1288874820
451552451
34835459
1364007429
484927478
475682381
1859643333
548499293
1627804527
1716506156
23650094
202655163
116260399
1925890870
1574324506
525957655
727616533
1279184113
788597074
1829437081
1825646268
390477940
52712348
1173170272
1425398397
1490776094
782102309
46104076
1777092412
389606008
430536753
1158800928
438002253
2077407902
1205475988
1074204518
