1798969893
864725538
1420277917
1330214614
1612252228
174538150
25248
424343136
141895065
1123509285
2144328571
659728843
604594840
1680341923
2096741811
1880453854
271091279
1418310866
482243162
457539956
1882584232
1716615973
1869344413
385793681
781266274
1027249360
1358955287
1472922764
1368895579
1035685942
1418668259
46496372
1927960343
1996218865
313446974
325905927
1417615239
1675742055
2096171627
887305954
824724110
1278659032
553495295
1843747908
1829547193
1528815005
151952680
510636477
922615527
1567230949
1563629388
1161735777
371885515
1102437835
183786529
818708517
1106318890
988168504
1657004477
706310643
1820859932
1550907374
2091211179
1268918651
55669000
1473496555
275182681
1463027576
416711682
729066507
2026577014
1589232878
1982862807
1323963103
1769805554
325951481
35757670
1831222177
1762983682
1634865715
134808640
133564895
704779150
1850860845
1117595120
1529205178
267139350
1570233220
483190557
1348022192
256505094
1081435329
1529469942
422060604
434085387
671150450
1441499106
1512452735
29187606
929822526
288695263
935726668
735362095
462342180
989184414
1551534671
1896773623
1827025693
2099637445
1155250611
897366550
261952969
302073633
300208323
1162197858
1695629941
1344422697
2036818392
1917381164
285616466
729993017
418561408
1752640331
1740340865
1181645915
2141609596
59072605
695827321
1721326132
1576091787
163878364
1229628294
1127602177
66604064
575523561
558143639
511570577
1589648698
381614959
1416445971
1351207602
106599789
621292125
991253161
1961227148
618178633
202400645
133543667
348000154
1240617497
1139543356
1046020346
1162820880
1429342460
1206649878
1476420925
32945390
1809872451
1567907849
55385806
1008822291
892851772
1691490415
490885919
1834952506
34113775
2119566323
1092454225
2040461372
867920261
1426896203
894597772
971741357
443851664
1604210817
314013234
1253103159
532667184
1825520792
429086455
405962559
457182594
171368392
412993717
518254515
109961373
1284859591
1687075352
1448849723
500221128
1965503938
1631227812
1269598682
747531782
987325124
367218699
2124156262
926147706
803021286
1591516054
1701496193
1154272299
1634745942
269267476
830424903
455122868
2060775509
837720947
673166497
965462683
144876449
1839506292
1407667432
1986674272
958745948
1073344595
839973365
2022333824
1140898899
206311430
1437597752
366905467
1154633332
1260176632
1304927310
1810296006
96662146
1103050690
1894105926
2088198801
32005486
1045291452
1797201304
1204821273
807827748
769344302
370645127
1730073189
411507143
1303209061
848972474
799019850
911374259
1613800609
428373853
1314162627
261962594
463841008
410182846
520585852
638036686
1096732131
924783516
1497400073
442167718
1219417806
1318622121
50750607
414443990
1270672709
1618834395
1279352922
1478286290
1319363887
1780193534
970555934
1995283773
1777224906
468949019
361177843
1527220879
1276764409
922821239
729665239
1352047503
1337914014
19565561
273385736
1326544019
50104179
287346829
1894916547
679920419
661996446
61492815
570107498
1872169619
624390689
1529210781
361308971
1583605528
1893271825
954365176
460153589
712757476
651116166
1880220497
644027474
852174638
930699023
2135078460
1959419497
301759334
1460235971
742846681
1701727556
747822946
1585951178
514422082
122769352
1800197944
29742225
1661369471
1054320803
1082164624
901829125
102523349
828041749
1203642883
329979841
1168411133
895444163
164649365
1302940219
625512274
1052337053
2101016726
714506261
2125658250
400256258
1188145802
1863544408
1689357408
1148659269
1785831200
1233527928
96757758
562517927
1015784995
1950900962
1012145938
918812079
2067189823
1268913995
2124899255
528729175
63912939
442942273
1352461809
1858704015
1941250843
2031353077
256145133
1474021743
512082809
1608797334
90193161
1900485792
1940424313
1024765249
410691003
471245963
311210005
1383873590
1515530120
211189773
1823529967
1329029032
1013528377
531144235
1999120713
1840166076
1759238885
973088299
1607069388
1113375797
1482003868
1523671570
1753070162
374575894
1222481101
1263813658
155397529
426155151
531660112
2079530864
378876323
485347306
1089280636
241558577
1130910809
1987690913
865562059
447300835
1592369345
1010372501
1177427478
2109299288
333088740
1880069098
246948128
1518781292
1166546402
1767164951
1042493447
2015771503
369635849
1947007019
2138638994
1671772319
1948811732
258195680
1577826820
1407290584
2095440877
1490492586
312150647
13374508
1447056668
429116801
915987781
1843853571
1457941587
835840439
1279723246
1259870817
460061899
1319207293
1295801823
909574934
1437316392
2080538888
140866515
1016538611
1732023192
972952859
1478212955
86822542
1085067081
291300043
1764591188
734931646
1817720425
324820753
358964997
843140156
1559498986
461546067
493815105
1673657727
1424609283
1113038978
116054229
608275327
1261261169
205387846
947306993
2092356140
1184925355
1424582854
668846775
1378339027
837926600
1982092821
1267710283
1221464494
1357568985
1795665167
1156770478
671967455
140516612
1578169831
729825520
1898406623
1355569282
398911551
62491723
178885078
44400146
1056428313
2143346842
1339678716
1761624664
268686659
1806051819
1779055235
1166517464
1280803985
96498367
497900684
1620507276
1478176478
1621237250
861947614
1976349483
1376192632
1270687834
1873040270
225036517
470038852
1498131898
2004532258
450206070
1028530109
1409667260
1238045116
855208829
386739632
1647479202
1676287243
521728108
508580455
726792125
308260739
1207683809
1673830066
26143562
1308182546
686472636
1263441568
344131840
650373509
135802533
1805539017
1750326609
1508320857
1451674411
730112110
272673812
98655586
247058418
1224941675
1816491583
1146509729
18250772
1798047130
388233326
982190496
2116355430
814066749
401535406
1211949768
357358981
1768116655
2005397046
2099796104
1674348777
154184751
1517831775
240399712
981219577
830505326
1806792229
1338224223
938280930
715170589
406117064
906464482
699557156
2131637214
2104456444
543788218
1905661941
889131029
1433988577
1984527005
1376851478
1606494321
38159316
1393497206
50887060
560325914
681844503
787821529
1679754148
807941974
541657037
446641226
1243739117
2065003168
1025025409
488232829
194141816
913841719
134727889
923866485
1117245585
2097021374
136618254
482976335
2042560332
1785402629
472986072
1639934557
1574973901
702921185
688814148
1962528106
1008543269
498296312
1827376131
1546997970
810367561
506308453
1195960157
55422779
1630227502
1637257688
1681993205
1932550974
1841542790
1275350966
789404855
373426819
1237330399
1727862092
1904305510
1713915329
1576777292
947742664
824744049
1613773805
2125362672
1874927753
1883192240
1197988194
1928385933
559175407
672626177
474239031
1223580000
405656328
1752809118
282176680
899568184
757593608
445226593
1090322403
570667370
544520088
1321299149
2093887263
1148705852
421268034
2145746926
875701211
1204820386
792919939
1469385138
2041557513
2110892872
1346651264
837638315
1431854120
470446558
1907995699
1457896089
71155553
1910471539
119666029
1182255811
1654713433
855439781
2120866249
1465474037
732192416
876638402
1923803994
859937926
411777972
1560064770
1380743167
442118287
388630989
1223261596
1496691241
1413730176
803997624
820959644
286304733
1560278251
673751040
52458649
1204218473
1413986383
815101379
610692640
1086851467
216704487
20047697
1934194547
1547786790
1183163419
1876495560
316037078
908110915
453869176
317326888
1111111115
2074199140
962904229
94613011
1022977097
421991397
1418406985
2097715195
1060249566
1942636603
1699501280
1985507860
682212287
526716276
592857798
1984372553
928460361
1017108225
568107455
469701623
125291389
1238400863
391797717
759367917
201266898
406010661
1265632908
666761221
686171301
493871517
474290564
2089695131
1558503679
913290494
1607707549
1101529489
2097084483
1197291217
951711729
960826447
1680552936
1348270008
126581312
1443300254
1719576113
80809865
961736151
1937562535
171502637
521765785
1141817794
617794166
183114717
264982468
1826739445
1583634603
234451703
1944763723
942785121
1255181081
1096563886
244573448
262240178
834228002
2096781998
408393116
505364800
368369715
2141929351
1138227596
406878496
818950224
873721145
138105829
1862329243
593432076
898844664
1482294850
2119238750
2029385755
1551102631
1077928284
568623096
546145322
719319576
1418664869
2137004289
2114572795
918091362
691517439
152099709
834269233
642267768
1341566954
1284986025
1664567943
1123948532
936818312
1902753627
1401221512
1024279182
831297522
88844872
714629039
2041704449
285478930
565909112
29372821
1895247384
1945330584
1880083360
486649562
1501460758
2118107456
195596673
1743303201
1577503186
262941240
1879558801
260321037
791479920
889305922
78447934
2066951127
1552117617
956928810
597477287
167229237
1713175983
2035490952
1081933554
1313202929
1312187484
1425472545
589497883
1348855970
1384910058
1755578620
1732040207
1258923964
1726172704
1428048805
939026763
365483938
885315546
1731675206
1566803098
815188572
2076145391
1461290081
1279404275
193892514
1018790299
921437762
1099887417
268584143
83065407
215924899
1949897710
1330358750
1887262333
884564541
1994436053
414496748
9892768
911510957
1763800248
326504948
747942951
1455391566
927310432
1017604345
316461707
1602399577
2084757259
172067561
1426508865
827058947
1865558845
1186261715
262465257
322163461
795014940
172844946
1607116678
1908178827
240761091
612465489
818353552
1582873076
320369296
705254843
1255898508
269457593
1878237675
1678476472
808877912
1239581474
906973971
672604191
104720329
1245462610
966978961
2006640678
1526682658
820818650
64102222
1476738007
1067175270
231343146
1238853752
1561052199
796593194
928756160
1693634724
23065283
1111154921
662962935
1272887909
194995149
223423921
1284425291
830246193
1746511192
1807116748
349964115
2036655319
1324096900
1871048086
1102138381
1593314092
1856349801
1028681791
1811502987
1055038990
267831651
320834245
2077201745
2035562583
138352124
1706842014
807172672
496900205
1985325899
1918961054
1069023932
1237034322
1046663247
1230639752
947307607
2102675638
678552834
1299315468
1981347980
1634069478
1784838910
1735979074
887468576
1410428417
1145908933
658090635
988520395
1128785573
628587813
1203313498
1236457087
2082492837
768632653
1294862266
150825964
901273488
1501350525
265421425
614355156
365732116
761475898
1270365213
745716417
541256627
159401297
1145490870
74156735
811729885
1928051451
1379987374
624407218
1807013684
765251114
295911115
1953467000
1189873664
838949984
2002238533
554275641
2074121248
1801257032
649965065
1861018813
43871536
762014631
1734916156
202874926
